- A B C D E F G
A 0 15 24 29 25 37 50
B 15 0 32 31 23 43 10
C 24 32 0 30 43 49 23
D 29 31 30 0 45 57 47
E 25 23 43 45 0 55 14
F 37 43 49 57 55 0 47
G 50 10 23 47 14 48 0